{
 "cells": [
  {
   "cell_type": "code",
   "execution_count": 1,
   "id": "efc94577",
   "metadata": {},
   "outputs": [],
   "source": [
    "import numpy as np\n",
    "import pandas as pd"
   ]
  },
  {
   "cell_type": "code",
   "execution_count": 2,
   "id": "9a8193ff",
   "metadata": {},
   "outputs": [],
   "source": [
    "A=pd.read_csv('/Users/khars/OneDrive/Desktop/ml intern/D2D_myfile1multi.csv')"
   ]
  },
  {
   "cell_type": "code",
   "execution_count": 3,
   "id": "4e6da630",
   "metadata": {},
   "outputs": [
    {
     "data": {
      "text/html": [
       "<div>\n",
       "<style scoped>\n",
       "    .dataframe tbody tr th:only-of-type {\n",
       "        vertical-align: middle;\n",
       "    }\n",
       "\n",
       "    .dataframe tbody tr th {\n",
       "        vertical-align: top;\n",
       "    }\n",
       "\n",
       "    .dataframe thead th {\n",
       "        text-align: right;\n",
       "    }\n",
       "</style>\n",
       "<table border=\"1\" class=\"dataframe\">\n",
       "  <thead>\n",
       "    <tr style=\"text-align: right;\">\n",
       "      <th></th>\n",
       "      <th>T_1</th>\n",
       "      <th>T_2</th>\n",
       "      <th>D</th>\n",
       "      <th>d</th>\n",
       "      <th>mbc1</th>\n",
       "      <th>mbc2</th>\n",
       "      <th>mtr1</th>\n",
       "      <th>mtr2</th>\n",
       "      <th>mtc1</th>\n",
       "      <th>mtc2</th>\n",
       "      <th>mbr1</th>\n",
       "      <th>mbr2</th>\n",
       "      <th>Output Alpha</th>\n",
       "      <th>Output Power1</th>\n",
       "      <th>Output Power2</th>\n",
       "    </tr>\n",
       "  </thead>\n",
       "  <tbody>\n",
       "    <tr>\n",
       "      <th>0</th>\n",
       "      <td>0.87031</td>\n",
       "      <td>0.79774</td>\n",
       "      <td>0.56349</td>\n",
       "      <td>0.187010</td>\n",
       "      <td>4</td>\n",
       "      <td>1</td>\n",
       "      <td>2</td>\n",
       "      <td>3</td>\n",
       "      <td>5</td>\n",
       "      <td>5</td>\n",
       "      <td>1</td>\n",
       "      <td>5</td>\n",
       "      <td>0.66260</td>\n",
       "      <td>0.100000</td>\n",
       "      <td>1.00000</td>\n",
       "    </tr>\n",
       "    <tr>\n",
       "      <th>1</th>\n",
       "      <td>0.70150</td>\n",
       "      <td>0.31756</td>\n",
       "      <td>0.58067</td>\n",
       "      <td>0.182960</td>\n",
       "      <td>5</td>\n",
       "      <td>4</td>\n",
       "      <td>2</td>\n",
       "      <td>3</td>\n",
       "      <td>4</td>\n",
       "      <td>2</td>\n",
       "      <td>1</td>\n",
       "      <td>2</td>\n",
       "      <td>0.76016</td>\n",
       "      <td>0.100000</td>\n",
       "      <td>1.00000</td>\n",
       "    </tr>\n",
       "    <tr>\n",
       "      <th>2</th>\n",
       "      <td>0.41306</td>\n",
       "      <td>0.10463</td>\n",
       "      <td>0.68317</td>\n",
       "      <td>0.114490</td>\n",
       "      <td>3</td>\n",
       "      <td>1</td>\n",
       "      <td>2</td>\n",
       "      <td>2</td>\n",
       "      <td>5</td>\n",
       "      <td>4</td>\n",
       "      <td>2</td>\n",
       "      <td>2</td>\n",
       "      <td>0.82574</td>\n",
       "      <td>0.026296</td>\n",
       "      <td>0.26296</td>\n",
       "    </tr>\n",
       "    <tr>\n",
       "      <th>3</th>\n",
       "      <td>0.61549</td>\n",
       "      <td>0.11504</td>\n",
       "      <td>0.66143</td>\n",
       "      <td>0.099048</td>\n",
       "      <td>3</td>\n",
       "      <td>3</td>\n",
       "      <td>4</td>\n",
       "      <td>3</td>\n",
       "      <td>5</td>\n",
       "      <td>3</td>\n",
       "      <td>4</td>\n",
       "      <td>1</td>\n",
       "      <td>0.87410</td>\n",
       "      <td>0.038920</td>\n",
       "      <td>0.38920</td>\n",
       "    </tr>\n",
       "    <tr>\n",
       "      <th>4</th>\n",
       "      <td>0.67304</td>\n",
       "      <td>0.33087</td>\n",
       "      <td>0.57214</td>\n",
       "      <td>0.177930</td>\n",
       "      <td>5</td>\n",
       "      <td>1</td>\n",
       "      <td>5</td>\n",
       "      <td>2</td>\n",
       "      <td>5</td>\n",
       "      <td>3</td>\n",
       "      <td>5</td>\n",
       "      <td>4</td>\n",
       "      <td>0.74362</td>\n",
       "      <td>0.100000</td>\n",
       "      <td>1.00000</td>\n",
       "    </tr>\n",
       "  </tbody>\n",
       "</table>\n",
       "</div>"
      ],
      "text/plain": [
       "      T_1      T_2        D         d   mbc1   mbc2   mtr1   mtr2   mtc1   \\\n",
       "0  0.87031  0.79774  0.56349  0.187010      4      1      2      3      5   \n",
       "1  0.70150  0.31756  0.58067  0.182960      5      4      2      3      4   \n",
       "2  0.41306  0.10463  0.68317  0.114490      3      1      2      2      5   \n",
       "3  0.61549  0.11504  0.66143  0.099048      3      3      4      3      5   \n",
       "4  0.67304  0.33087  0.57214  0.177930      5      1      5      2      5   \n",
       "\n",
       "   mtc2   mbr1   mbr2  Output Alpha  Output Power1  Output Power2  \n",
       "0      5      1     5       0.66260       0.100000        1.00000  \n",
       "1      2      1     2       0.76016       0.100000        1.00000  \n",
       "2      4      2     2       0.82574       0.026296        0.26296  \n",
       "3      3      4     1       0.87410       0.038920        0.38920  \n",
       "4      3      5     4       0.74362       0.100000        1.00000  "
      ]
     },
     "execution_count": 3,
     "metadata": {},
     "output_type": "execute_result"
    }
   ],
   "source": [
    "A.head()"
   ]
  },
  {
   "cell_type": "code",
   "execution_count": 4,
   "id": "41808db3",
   "metadata": {},
   "outputs": [],
   "source": [
    "d=A.drop(\"Output Alpha\",axis=1)"
   ]
  },
  {
   "cell_type": "code",
   "execution_count": 5,
   "id": "06ccc407",
   "metadata": {},
   "outputs": [
    {
     "data": {
      "text/html": [
       "<div>\n",
       "<style scoped>\n",
       "    .dataframe tbody tr th:only-of-type {\n",
       "        vertical-align: middle;\n",
       "    }\n",
       "\n",
       "    .dataframe tbody tr th {\n",
       "        vertical-align: top;\n",
       "    }\n",
       "\n",
       "    .dataframe thead th {\n",
       "        text-align: right;\n",
       "    }\n",
       "</style>\n",
       "<table border=\"1\" class=\"dataframe\">\n",
       "  <thead>\n",
       "    <tr style=\"text-align: right;\">\n",
       "      <th></th>\n",
       "      <th>T_1</th>\n",
       "      <th>T_2</th>\n",
       "      <th>D</th>\n",
       "      <th>d</th>\n",
       "      <th>mbc1</th>\n",
       "      <th>mbc2</th>\n",
       "      <th>mtr1</th>\n",
       "      <th>mtr2</th>\n",
       "      <th>mtc1</th>\n",
       "      <th>mtc2</th>\n",
       "      <th>mbr1</th>\n",
       "      <th>mbr2</th>\n",
       "      <th>Output Power1</th>\n",
       "      <th>Output Power2</th>\n",
       "    </tr>\n",
       "  </thead>\n",
       "  <tbody>\n",
       "    <tr>\n",
       "      <th>0</th>\n",
       "      <td>0.87031</td>\n",
       "      <td>0.79774</td>\n",
       "      <td>0.56349</td>\n",
       "      <td>0.187010</td>\n",
       "      <td>4</td>\n",
       "      <td>1</td>\n",
       "      <td>2</td>\n",
       "      <td>3</td>\n",
       "      <td>5</td>\n",
       "      <td>5</td>\n",
       "      <td>1</td>\n",
       "      <td>5</td>\n",
       "      <td>0.100000</td>\n",
       "      <td>1.00000</td>\n",
       "    </tr>\n",
       "    <tr>\n",
       "      <th>1</th>\n",
       "      <td>0.70150</td>\n",
       "      <td>0.31756</td>\n",
       "      <td>0.58067</td>\n",
       "      <td>0.182960</td>\n",
       "      <td>5</td>\n",
       "      <td>4</td>\n",
       "      <td>2</td>\n",
       "      <td>3</td>\n",
       "      <td>4</td>\n",
       "      <td>2</td>\n",
       "      <td>1</td>\n",
       "      <td>2</td>\n",
       "      <td>0.100000</td>\n",
       "      <td>1.00000</td>\n",
       "    </tr>\n",
       "    <tr>\n",
       "      <th>2</th>\n",
       "      <td>0.41306</td>\n",
       "      <td>0.10463</td>\n",
       "      <td>0.68317</td>\n",
       "      <td>0.114490</td>\n",
       "      <td>3</td>\n",
       "      <td>1</td>\n",
       "      <td>2</td>\n",
       "      <td>2</td>\n",
       "      <td>5</td>\n",
       "      <td>4</td>\n",
       "      <td>2</td>\n",
       "      <td>2</td>\n",
       "      <td>0.026296</td>\n",
       "      <td>0.26296</td>\n",
       "    </tr>\n",
       "    <tr>\n",
       "      <th>3</th>\n",
       "      <td>0.61549</td>\n",
       "      <td>0.11504</td>\n",
       "      <td>0.66143</td>\n",
       "      <td>0.099048</td>\n",
       "      <td>3</td>\n",
       "      <td>3</td>\n",
       "      <td>4</td>\n",
       "      <td>3</td>\n",
       "      <td>5</td>\n",
       "      <td>3</td>\n",
       "      <td>4</td>\n",
       "      <td>1</td>\n",
       "      <td>0.038920</td>\n",
       "      <td>0.38920</td>\n",
       "    </tr>\n",
       "    <tr>\n",
       "      <th>4</th>\n",
       "      <td>0.67304</td>\n",
       "      <td>0.33087</td>\n",
       "      <td>0.57214</td>\n",
       "      <td>0.177930</td>\n",
       "      <td>5</td>\n",
       "      <td>1</td>\n",
       "      <td>5</td>\n",
       "      <td>2</td>\n",
       "      <td>5</td>\n",
       "      <td>3</td>\n",
       "      <td>5</td>\n",
       "      <td>4</td>\n",
       "      <td>0.100000</td>\n",
       "      <td>1.00000</td>\n",
       "    </tr>\n",
       "  </tbody>\n",
       "</table>\n",
       "</div>"
      ],
      "text/plain": [
       "      T_1      T_2        D         d   mbc1   mbc2   mtr1   mtr2   mtc1   \\\n",
       "0  0.87031  0.79774  0.56349  0.187010      4      1      2      3      5   \n",
       "1  0.70150  0.31756  0.58067  0.182960      5      4      2      3      4   \n",
       "2  0.41306  0.10463  0.68317  0.114490      3      1      2      2      5   \n",
       "3  0.61549  0.11504  0.66143  0.099048      3      3      4      3      5   \n",
       "4  0.67304  0.33087  0.57214  0.177930      5      1      5      2      5   \n",
       "\n",
       "   mtc2   mbr1   mbr2  Output Power1  Output Power2  \n",
       "0      5      1     5       0.100000        1.00000  \n",
       "1      2      1     2       0.100000        1.00000  \n",
       "2      4      2     2       0.026296        0.26296  \n",
       "3      3      4     1       0.038920        0.38920  \n",
       "4      3      5     4       0.100000        1.00000  "
      ]
     },
     "execution_count": 5,
     "metadata": {},
     "output_type": "execute_result"
    }
   ],
   "source": [
    "d.head()"
   ]
  },
  {
   "cell_type": "code",
   "execution_count": 6,
   "id": "01e2d646",
   "metadata": {},
   "outputs": [],
   "source": [
    "D=d.drop(\"Output Power2\",axis=1)"
   ]
  },
  {
   "cell_type": "code",
   "execution_count": 7,
   "id": "e7301a58",
   "metadata": {},
   "outputs": [
    {
     "data": {
      "text/html": [
       "<div>\n",
       "<style scoped>\n",
       "    .dataframe tbody tr th:only-of-type {\n",
       "        vertical-align: middle;\n",
       "    }\n",
       "\n",
       "    .dataframe tbody tr th {\n",
       "        vertical-align: top;\n",
       "    }\n",
       "\n",
       "    .dataframe thead th {\n",
       "        text-align: right;\n",
       "    }\n",
       "</style>\n",
       "<table border=\"1\" class=\"dataframe\">\n",
       "  <thead>\n",
       "    <tr style=\"text-align: right;\">\n",
       "      <th></th>\n",
       "      <th>T_1</th>\n",
       "      <th>T_2</th>\n",
       "      <th>D</th>\n",
       "      <th>d</th>\n",
       "      <th>mbc1</th>\n",
       "      <th>mbc2</th>\n",
       "      <th>mtr1</th>\n",
       "      <th>mtr2</th>\n",
       "      <th>mtc1</th>\n",
       "      <th>mtc2</th>\n",
       "      <th>mbr1</th>\n",
       "      <th>mbr2</th>\n",
       "      <th>Output Power1</th>\n",
       "    </tr>\n",
       "  </thead>\n",
       "  <tbody>\n",
       "    <tr>\n",
       "      <th>0</th>\n",
       "      <td>0.87031</td>\n",
       "      <td>0.79774</td>\n",
       "      <td>0.56349</td>\n",
       "      <td>0.187010</td>\n",
       "      <td>4</td>\n",
       "      <td>1</td>\n",
       "      <td>2</td>\n",
       "      <td>3</td>\n",
       "      <td>5</td>\n",
       "      <td>5</td>\n",
       "      <td>1</td>\n",
       "      <td>5</td>\n",
       "      <td>0.100000</td>\n",
       "    </tr>\n",
       "    <tr>\n",
       "      <th>1</th>\n",
       "      <td>0.70150</td>\n",
       "      <td>0.31756</td>\n",
       "      <td>0.58067</td>\n",
       "      <td>0.182960</td>\n",
       "      <td>5</td>\n",
       "      <td>4</td>\n",
       "      <td>2</td>\n",
       "      <td>3</td>\n",
       "      <td>4</td>\n",
       "      <td>2</td>\n",
       "      <td>1</td>\n",
       "      <td>2</td>\n",
       "      <td>0.100000</td>\n",
       "    </tr>\n",
       "    <tr>\n",
       "      <th>2</th>\n",
       "      <td>0.41306</td>\n",
       "      <td>0.10463</td>\n",
       "      <td>0.68317</td>\n",
       "      <td>0.114490</td>\n",
       "      <td>3</td>\n",
       "      <td>1</td>\n",
       "      <td>2</td>\n",
       "      <td>2</td>\n",
       "      <td>5</td>\n",
       "      <td>4</td>\n",
       "      <td>2</td>\n",
       "      <td>2</td>\n",
       "      <td>0.026296</td>\n",
       "    </tr>\n",
       "    <tr>\n",
       "      <th>3</th>\n",
       "      <td>0.61549</td>\n",
       "      <td>0.11504</td>\n",
       "      <td>0.66143</td>\n",
       "      <td>0.099048</td>\n",
       "      <td>3</td>\n",
       "      <td>3</td>\n",
       "      <td>4</td>\n",
       "      <td>3</td>\n",
       "      <td>5</td>\n",
       "      <td>3</td>\n",
       "      <td>4</td>\n",
       "      <td>1</td>\n",
       "      <td>0.038920</td>\n",
       "    </tr>\n",
       "    <tr>\n",
       "      <th>4</th>\n",
       "      <td>0.67304</td>\n",
       "      <td>0.33087</td>\n",
       "      <td>0.57214</td>\n",
       "      <td>0.177930</td>\n",
       "      <td>5</td>\n",
       "      <td>1</td>\n",
       "      <td>5</td>\n",
       "      <td>2</td>\n",
       "      <td>5</td>\n",
       "      <td>3</td>\n",
       "      <td>5</td>\n",
       "      <td>4</td>\n",
       "      <td>0.100000</td>\n",
       "    </tr>\n",
       "  </tbody>\n",
       "</table>\n",
       "</div>"
      ],
      "text/plain": [
       "      T_1      T_2        D         d   mbc1   mbc2   mtr1   mtr2   mtc1   \\\n",
       "0  0.87031  0.79774  0.56349  0.187010      4      1      2      3      5   \n",
       "1  0.70150  0.31756  0.58067  0.182960      5      4      2      3      4   \n",
       "2  0.41306  0.10463  0.68317  0.114490      3      1      2      2      5   \n",
       "3  0.61549  0.11504  0.66143  0.099048      3      3      4      3      5   \n",
       "4  0.67304  0.33087  0.57214  0.177930      5      1      5      2      5   \n",
       "\n",
       "   mtc2   mbr1   mbr2  Output Power1  \n",
       "0      5      1     5       0.100000  \n",
       "1      2      1     2       0.100000  \n",
       "2      4      2     2       0.026296  \n",
       "3      3      4     1       0.038920  \n",
       "4      3      5     4       0.100000  "
      ]
     },
     "execution_count": 7,
     "metadata": {},
     "output_type": "execute_result"
    }
   ],
   "source": [
    "D.head()"
   ]
  },
  {
   "cell_type": "code",
   "execution_count": 8,
   "id": "ab578d41",
   "metadata": {},
   "outputs": [
    {
     "data": {
      "text/html": [
       "<div>\n",
       "<style scoped>\n",
       "    .dataframe tbody tr th:only-of-type {\n",
       "        vertical-align: middle;\n",
       "    }\n",
       "\n",
       "    .dataframe tbody tr th {\n",
       "        vertical-align: top;\n",
       "    }\n",
       "\n",
       "    .dataframe thead th {\n",
       "        text-align: right;\n",
       "    }\n",
       "</style>\n",
       "<table border=\"1\" class=\"dataframe\">\n",
       "  <thead>\n",
       "    <tr style=\"text-align: right;\">\n",
       "      <th></th>\n",
       "      <th>T_1</th>\n",
       "      <th>T_2</th>\n",
       "      <th>D</th>\n",
       "      <th>d</th>\n",
       "      <th>mbc1</th>\n",
       "      <th>mbc2</th>\n",
       "      <th>mtr1</th>\n",
       "      <th>mtr2</th>\n",
       "      <th>mtc1</th>\n",
       "      <th>mtc2</th>\n",
       "      <th>mbr1</th>\n",
       "      <th>mbr2</th>\n",
       "      <th>Output Power1</th>\n",
       "    </tr>\n",
       "  </thead>\n",
       "  <tbody>\n",
       "    <tr>\n",
       "      <th>T_1</th>\n",
       "      <td>1.000000</td>\n",
       "      <td>0.515053</td>\n",
       "      <td>0.002820</td>\n",
       "      <td>0.002606</td>\n",
       "      <td>-0.006326</td>\n",
       "      <td>-0.000708</td>\n",
       "      <td>0.002591</td>\n",
       "      <td>-0.001321</td>\n",
       "      <td>-0.001544</td>\n",
       "      <td>0.000145</td>\n",
       "      <td>-0.006603</td>\n",
       "      <td>0.004661</td>\n",
       "      <td>-0.024135</td>\n",
       "    </tr>\n",
       "    <tr>\n",
       "      <th>T_2</th>\n",
       "      <td>0.515053</td>\n",
       "      <td>1.000000</td>\n",
       "      <td>-0.000609</td>\n",
       "      <td>-0.002437</td>\n",
       "      <td>-0.001749</td>\n",
       "      <td>0.001664</td>\n",
       "      <td>0.000401</td>\n",
       "      <td>0.004656</td>\n",
       "      <td>0.001441</td>\n",
       "      <td>-0.002626</td>\n",
       "      <td>0.000675</td>\n",
       "      <td>0.005444</td>\n",
       "      <td>-0.027806</td>\n",
       "    </tr>\n",
       "    <tr>\n",
       "      <th>D</th>\n",
       "      <td>0.002820</td>\n",
       "      <td>-0.000609</td>\n",
       "      <td>1.000000</td>\n",
       "      <td>-0.002571</td>\n",
       "      <td>-0.003914</td>\n",
       "      <td>0.000547</td>\n",
       "      <td>0.004990</td>\n",
       "      <td>-0.001926</td>\n",
       "      <td>0.001291</td>\n",
       "      <td>0.005214</td>\n",
       "      <td>0.001856</td>\n",
       "      <td>0.001916</td>\n",
       "      <td>-0.363952</td>\n",
       "    </tr>\n",
       "    <tr>\n",
       "      <th>d</th>\n",
       "      <td>0.002606</td>\n",
       "      <td>-0.002437</td>\n",
       "      <td>-0.002571</td>\n",
       "      <td>1.000000</td>\n",
       "      <td>-0.002006</td>\n",
       "      <td>0.001401</td>\n",
       "      <td>0.002984</td>\n",
       "      <td>-0.002848</td>\n",
       "      <td>-0.002008</td>\n",
       "      <td>-0.001899</td>\n",
       "      <td>0.001782</td>\n",
       "      <td>-0.001618</td>\n",
       "      <td>0.651321</td>\n",
       "    </tr>\n",
       "    <tr>\n",
       "      <th>mbc1</th>\n",
       "      <td>-0.006326</td>\n",
       "      <td>-0.001749</td>\n",
       "      <td>-0.003914</td>\n",
       "      <td>-0.002006</td>\n",
       "      <td>1.000000</td>\n",
       "      <td>-0.000663</td>\n",
       "      <td>0.002255</td>\n",
       "      <td>-0.001698</td>\n",
       "      <td>0.000435</td>\n",
       "      <td>0.002405</td>\n",
       "      <td>-0.000473</td>\n",
       "      <td>0.009188</td>\n",
       "      <td>0.244707</td>\n",
       "    </tr>\n",
       "    <tr>\n",
       "      <th>mbc2</th>\n",
       "      <td>-0.000708</td>\n",
       "      <td>0.001664</td>\n",
       "      <td>0.000547</td>\n",
       "      <td>0.001401</td>\n",
       "      <td>-0.000663</td>\n",
       "      <td>1.000000</td>\n",
       "      <td>-0.004519</td>\n",
       "      <td>0.003421</td>\n",
       "      <td>0.000036</td>\n",
       "      <td>-0.009301</td>\n",
       "      <td>0.002459</td>\n",
       "      <td>0.001501</td>\n",
       "      <td>0.258491</td>\n",
       "    </tr>\n",
       "    <tr>\n",
       "      <th>mtr1</th>\n",
       "      <td>0.002591</td>\n",
       "      <td>0.000401</td>\n",
       "      <td>0.004990</td>\n",
       "      <td>0.002984</td>\n",
       "      <td>0.002255</td>\n",
       "      <td>-0.004519</td>\n",
       "      <td>1.000000</td>\n",
       "      <td>-0.000993</td>\n",
       "      <td>-0.001019</td>\n",
       "      <td>0.004396</td>\n",
       "      <td>0.002213</td>\n",
       "      <td>-0.000498</td>\n",
       "      <td>-0.244118</td>\n",
       "    </tr>\n",
       "    <tr>\n",
       "      <th>mtr2</th>\n",
       "      <td>-0.001321</td>\n",
       "      <td>0.004656</td>\n",
       "      <td>-0.001926</td>\n",
       "      <td>-0.002848</td>\n",
       "      <td>-0.001698</td>\n",
       "      <td>0.003421</td>\n",
       "      <td>-0.000993</td>\n",
       "      <td>1.000000</td>\n",
       "      <td>-0.000146</td>\n",
       "      <td>0.001486</td>\n",
       "      <td>0.004030</td>\n",
       "      <td>0.004446</td>\n",
       "      <td>-0.269550</td>\n",
       "    </tr>\n",
       "    <tr>\n",
       "      <th>mtc1</th>\n",
       "      <td>-0.001544</td>\n",
       "      <td>0.001441</td>\n",
       "      <td>0.001291</td>\n",
       "      <td>-0.002008</td>\n",
       "      <td>0.000435</td>\n",
       "      <td>0.000036</td>\n",
       "      <td>-0.001019</td>\n",
       "      <td>-0.000146</td>\n",
       "      <td>1.000000</td>\n",
       "      <td>-0.000564</td>\n",
       "      <td>0.003403</td>\n",
       "      <td>0.001884</td>\n",
       "      <td>0.022916</td>\n",
       "    </tr>\n",
       "    <tr>\n",
       "      <th>mtc2</th>\n",
       "      <td>0.000145</td>\n",
       "      <td>-0.002626</td>\n",
       "      <td>0.005214</td>\n",
       "      <td>-0.001899</td>\n",
       "      <td>0.002405</td>\n",
       "      <td>-0.009301</td>\n",
       "      <td>0.004396</td>\n",
       "      <td>0.001486</td>\n",
       "      <td>-0.000564</td>\n",
       "      <td>1.000000</td>\n",
       "      <td>-0.004593</td>\n",
       "      <td>0.001825</td>\n",
       "      <td>0.021796</td>\n",
       "    </tr>\n",
       "    <tr>\n",
       "      <th>mbr1</th>\n",
       "      <td>-0.006603</td>\n",
       "      <td>0.000675</td>\n",
       "      <td>0.001856</td>\n",
       "      <td>0.001782</td>\n",
       "      <td>-0.000473</td>\n",
       "      <td>0.002459</td>\n",
       "      <td>0.002213</td>\n",
       "      <td>0.004030</td>\n",
       "      <td>0.003403</td>\n",
       "      <td>-0.004593</td>\n",
       "      <td>1.000000</td>\n",
       "      <td>-0.002270</td>\n",
       "      <td>-0.020933</td>\n",
       "    </tr>\n",
       "    <tr>\n",
       "      <th>mbr2</th>\n",
       "      <td>0.004661</td>\n",
       "      <td>0.005444</td>\n",
       "      <td>0.001916</td>\n",
       "      <td>-0.001618</td>\n",
       "      <td>0.009188</td>\n",
       "      <td>0.001501</td>\n",
       "      <td>-0.000498</td>\n",
       "      <td>0.004446</td>\n",
       "      <td>0.001884</td>\n",
       "      <td>0.001825</td>\n",
       "      <td>-0.002270</td>\n",
       "      <td>1.000000</td>\n",
       "      <td>-0.022004</td>\n",
       "    </tr>\n",
       "    <tr>\n",
       "      <th>Output Power1</th>\n",
       "      <td>-0.024135</td>\n",
       "      <td>-0.027806</td>\n",
       "      <td>-0.363952</td>\n",
       "      <td>0.651321</td>\n",
       "      <td>0.244707</td>\n",
       "      <td>0.258491</td>\n",
       "      <td>-0.244118</td>\n",
       "      <td>-0.269550</td>\n",
       "      <td>0.022916</td>\n",
       "      <td>0.021796</td>\n",
       "      <td>-0.020933</td>\n",
       "      <td>-0.022004</td>\n",
       "      <td>1.000000</td>\n",
       "    </tr>\n",
       "  </tbody>\n",
       "</table>\n",
       "</div>"
      ],
      "text/plain": [
       "                   T_1       T_2         D         d      mbc1      mbc2   \\\n",
       "T_1            1.000000  0.515053  0.002820  0.002606 -0.006326 -0.000708   \n",
       "T_2            0.515053  1.000000 -0.000609 -0.002437 -0.001749  0.001664   \n",
       "D              0.002820 -0.000609  1.000000 -0.002571 -0.003914  0.000547   \n",
       "d              0.002606 -0.002437 -0.002571  1.000000 -0.002006  0.001401   \n",
       "mbc1          -0.006326 -0.001749 -0.003914 -0.002006  1.000000 -0.000663   \n",
       "mbc2          -0.000708  0.001664  0.000547  0.001401 -0.000663  1.000000   \n",
       "mtr1           0.002591  0.000401  0.004990  0.002984  0.002255 -0.004519   \n",
       "mtr2          -0.001321  0.004656 -0.001926 -0.002848 -0.001698  0.003421   \n",
       "mtc1          -0.001544  0.001441  0.001291 -0.002008  0.000435  0.000036   \n",
       "mtc2           0.000145 -0.002626  0.005214 -0.001899  0.002405 -0.009301   \n",
       "mbr1          -0.006603  0.000675  0.001856  0.001782 -0.000473  0.002459   \n",
       "mbr2           0.004661  0.005444  0.001916 -0.001618  0.009188  0.001501   \n",
       "Output Power1 -0.024135 -0.027806 -0.363952  0.651321  0.244707  0.258491   \n",
       "\n",
       "                  mtr1      mtr2      mtc1      mtc2      mbr1       mbr2  \\\n",
       "T_1            0.002591 -0.001321 -0.001544  0.000145 -0.006603  0.004661   \n",
       "T_2            0.000401  0.004656  0.001441 -0.002626  0.000675  0.005444   \n",
       "D              0.004990 -0.001926  0.001291  0.005214  0.001856  0.001916   \n",
       "d              0.002984 -0.002848 -0.002008 -0.001899  0.001782 -0.001618   \n",
       "mbc1           0.002255 -0.001698  0.000435  0.002405 -0.000473  0.009188   \n",
       "mbc2          -0.004519  0.003421  0.000036 -0.009301  0.002459  0.001501   \n",
       "mtr1           1.000000 -0.000993 -0.001019  0.004396  0.002213 -0.000498   \n",
       "mtr2          -0.000993  1.000000 -0.000146  0.001486  0.004030  0.004446   \n",
       "mtc1          -0.001019 -0.000146  1.000000 -0.000564  0.003403  0.001884   \n",
       "mtc2           0.004396  0.001486 -0.000564  1.000000 -0.004593  0.001825   \n",
       "mbr1           0.002213  0.004030  0.003403 -0.004593  1.000000 -0.002270   \n",
       "mbr2          -0.000498  0.004446  0.001884  0.001825 -0.002270  1.000000   \n",
       "Output Power1 -0.244118 -0.269550  0.022916  0.021796 -0.020933 -0.022004   \n",
       "\n",
       "               Output Power1  \n",
       "T_1                -0.024135  \n",
       "T_2                -0.027806  \n",
       "D                  -0.363952  \n",
       "d                   0.651321  \n",
       "mbc1                0.244707  \n",
       "mbc2                0.258491  \n",
       "mtr1               -0.244118  \n",
       "mtr2               -0.269550  \n",
       "mtc1                0.022916  \n",
       "mtc2                0.021796  \n",
       "mbr1               -0.020933  \n",
       "mbr2               -0.022004  \n",
       "Output Power1       1.000000  "
      ]
     },
     "execution_count": 8,
     "metadata": {},
     "output_type": "execute_result"
    }
   ],
   "source": [
    "D.corr()"
   ]
  },
  {
   "cell_type": "code",
   "execution_count": 9,
   "id": "5bb61d01",
   "metadata": {},
   "outputs": [
    {
     "data": {
